2332,57
2332,56
2332,55
2332,54
2332,53
2332,52
2332,51
2332,50
2332,49
2332,48
2332,47
2332,46
2332,45
2332,44
2332,43
2332,42
2332,41
2332,40
2332,39
2332,38
2332,37
2332,36
2332,35
10,87
10,205
10,253
10,265
10,191
10,141
11,12
11,23
11,16
11,24
11,4
8,6
8,7
8,11
8,14
8,15
2319,3
2319,1
2307,3
2307,1
2297,3
2297,1
343,3
343,1
339,3
339,1
20,3
20,2
20,1
19,3
19,2
19,1
14,5
14,2
14,0
12,3
12,2
12,1
11,26
11,25
11,21
11,20
11,18
11,15
11,10
11,9
11,6
11,5
11,3
11,2
11,1
10,291
10,289
10,273
10,263
10,255
10,241
10,203
10,185
10,171
18,1
10,153
18,3
10,135
10,123
10,121
10,65
10,23
10,3
10,2
14,1
10,1
14,4
9,7
14,3
9,5
9,3
13,1
9,2
13,3
9,1
8,17
8,13
8,10
8,9
8,8
8,5
8,4
8,3
8,2
8,1
